41.9739916666667	140.144383333333	01
42.8279777777778	141.650375	01
42.7779111111111	140.629738888889	01
41.7624666666667	140.719619444444	01
44.3493888888889	142.463608333333	01
43.3435222222222	142.364761111111	01
43.3452888888889	142.394063888889	01
43.0504527777778	141.347541666667	01
41.7685166666667	140.728	01
42.8583555555556	140.706838888889	01
42.7126444444445	141.659072222222	01
43.6140472222222	144.458144444444	01
43.0647138888889	141.350505555556	01
43.0658611111111	141.356230555556	01
43.0400194444444	141.360647222222	01
43.635175	144.443291666667	01
41.7747638888889	140.791055555556	01
43.0631055555556	141.352227777778	01
42.7707277777778	141.407391666667	01
42.8631222222222	140.720541666667	01
43.0623833333333	141.356666666667	01
42.9657694444444	141.168555555556	01
42.8566972222222	140.707947222222	01
43.1343277777778	142.84665	01
45.1840166666667	141.135858333333	01
43.4304027777778	144.104197222222	01
43.4307722222222	144.101147222222	01
43.4324166666667	144.094466666667	01
41.7683861111111	140.730211111111	01
43.0740083333333	141.350938888889	01
43.0557861111111	141.337833333333	01
43.3262611111111	145.585502777778	01
42.8551027777778	140.712266666667	01
43.0470305555556	141.360647222222	01
42.8469527777778	140.707255555556	01
41.7862444444444	140.750266666667	01
43.0800527777778	141.356452777778	01
42.9921916666667	141.338330555556	01
43.05505	141.35055	01
43.0509527777778	141.361625	01
43.0557583333333	141.347175	01
42.1072916666667	142.989025	01
43.3414444444444	142.364505555556	01
43.3244972222222	145.582661111111	01
43.8276361111111	142.533263888889	01
43.9755138888889	144.297344444444	01
43.6964472222222	142.088588888889	01
42.9472333333333	140.519402777778	01
43.0471444444444	141.358791666667	01
41.7639472222222	140.716586111111	01
43.0541111111111	141.354183333333	01
41.9288083333333	140.317313888889	01
44.7815777777778	142.51965	01
42.1995694444444	142.863175	01
42.9860805555556	144.382563888889	01
42.3189138888889	140.976533333333	01
43.3407222222222	142.369169444444	01
42.8622361111111	140.718816666667	01
42.8811388888889	141.591611111111	01
42.8765027777778	141.58055	01
43.1324888888889	140.826877777778	01
43.625725	141.940577777778	01
42.0112333333333	143.151686111111	01
41.9278583333333	143.247477777778	01
43.7577	142.3744	01
43.1935527777778	141.001580555556	01
42.8148722222222	143.311802777778	01
43.5154444444444	142.561636111111	01
42.8447944444444	140.648647222222	01
44.0057361111111	144.238436111111	01
41.9238333333333	143.249708333333	01
43.2946888888889	140.602752777778	01
42.9250944444444	143.2037	01
44.0071027777778	144.237541666667	01
43.0539222222222	141.357441666667	01
43.5185138888889	142.023777777778	01
42.8455194444444	140.631641666667	01
42.8438166666667	140.647716666667	01
43.0782722222222	145.154861111111	01
42.9349416666667	143.293041666667	01
43.1394611111111	141.044111111111	01
41.7597194444444	140.715555555556	01
43.0644083333333	142.638938888889	01
43.80095	143.89335	01
42.5876777777778	140.795477777778	01
43.0661277777778	140.993525	01
43.0729555555556	140.987244444444	01
43.3406	142.364577777778	01
41.9324833333333	143.246413888889	01
43.0615888888889	141.356922222222	01
41.9773111111111	140.672194444444	01
42.4817527777778	142.038313888889	01
43.1810416666667	141.027808333333	01
43.636575	144.439155555556	01
42.6348388888889	141.603369444444	01
43.6455944444444	142.792216666667	01
43.2383194444445	144.328561111111	01
43.9090555555556	144.647488888889	01
41.9998222222222	140.605811111111	01
42.8442805555556	140.679894444444	01
42.6349916666667	140.821930555556	01
43.475075	142.472286111111	01
43.530425	141.846888888889	01
43.3164555555555	142.371566666667	01
41.7569916666667	140.717938888889	01
43.0532944444444	141.347955555556	01
42.9151916666667	143.208561111111	01
42.6302222222222	141.605408333333	01
41.7695555555556	140.73155	01
43.8010805555556	143.898497222222	01
43.050425	141.347769444444	01
43.1650888888889	142.817183333333	01
44.1222361111111	143.974863888889	01
44.0860638888889	143.932180555556	01
43.5315277777778	141.847075	01
43.7486833333333	141.878833333333	01
42.5908277777778	140.763552777778	01
42.8603222222222	140.7131	01
43.0542694444444	141.337969444444	01
43.0376583333333	141.476969444444	01
42.7720222222222	141.407083333333	01
41.7589388888889	140.8634	01
44.0163916666667	144.284191666667	01
41.7674833333333	140.745666666667	01
43.1363861111111	143.371588888889	01
42.8199527777778	141.653241666667	01
43.0494722222222	141.359191666667	01
43.0531583333333	141.360005555556	01
43.0522111111111	141.352147222222	01
43.0499361111111	141.361377777778	01
43.0523361111111	141.353052777778	01
42.9847555555556	144.386072222222	01
42.9869083333333	144.388702777778	01
43.0515583333333	141.359283333333	01
41.7677416666667	140.736763888889	01
43.802725	143.896672222222	01
41.7709888888889	140.732427777778	01
43.05005	141.353266666667	01
43.0642333333333	141.351841666667	01
43.0486944444444	141.362263888889	01
44.1962861111111	143.094358333333	01
43.5162138888889	142.454880555556	01
43.0620111111111	141.357005555556	01
43.04745	141.355522222222	01
41.7594111111111	140.723794444444	01
43.0615833333333	141.357530555556	01
43.0493555555556	141.358261111111	01
42.9530972222222	143.262675	01
42.3349527777778	142.364188888889	01
42.5627305555556	140.831230555556	01
43.5556472222222	144.994891666667	01
45.4161138888889	141.678933333333	01
41.7861527777778	140.758711111111	01
41.7951611111111	140.766680555556	01
42.5623305555556	143.307191666667	01
42.3209777777778	142.559072222222	01
42.8982694444444	140.750311111111	01
43.0547472222222	141.35915	01
42.8441916666667	140.646761111111	01
42.8388055555556	140.626733333333	01
42.8481055555556	140.647719444444	01
42.8616444444445	140.714122222222	01
42.8392944444444	140.626111111111	01
42.9041194444444	140.675622222222	01
42.8707166666667	140.640686111111	01
42.859525	140.702111111111	01
42.8446888888889	140.626677777778	01
42.8225388888889	140.599	01
45.3984083333333	141.686361111111	01
43.4310111111111	144.100255555556	01
43.3415111111111	142.370755555556	01
43.3400583333333	142.365288888889	01
42.9633194444444	141.164744444444	01
43.86335	143.931397222222	01
43.9352888888889	144.191225	01
43.0450416666667	141.355983333333	01
42.8262388888889	141.654241666667	01
44.3649166666667	141.710433333333	01
43.04645	141.394725	01
43.6345805555556	144.440783333333	01
43.4164416666667	142.636080555556	01
42.8538416666667	140.712944444444	01
42.844275	140.679969444444	01
43.0439888888889	141.361408333333	01
43.0709166666667	141.351691666667	01
44.0583333333333	143.525930555556	01
42.8877083333333	143.186588888889	01
42.92415	143.207080555556	01
41.8094833333333	140.759511111111	01
41.8125333333333	140.740647222222	01
42.8893611111111	143.203905555556	01
42.3327055555556	142.372019444444	01
44.3453555555556	142.46735	01
41.7734805555556	140.732727777778	01
41.7953	140.737691666667	01
42.9214527777778	143.206186111111	01
44.0197638888889	144.274611111111	01
42.9185194444444	143.197736111111	01
42.8195972222222	141.647575	01
42.6384722222222	141.619113888889	01
41.7818194444444	140.738327777778	01
43.8084694444444	142.438855555556	01
42.9214972222222	143.207783333333	01
41.8194166666667	140.712047222222	01
42.3484555555556	141.023119444444	01
43.0027222222222	144.388541666667	01
45.0149305555556	141.850180555556	01
42.8201416666667	141.647452777778	01
44.0177916666667	144.26625	01
43.5606805555556	145.002597222222	01
44.5573555555556	142.327705555556	01
43.7746555555556	142.377088888889	01
43.9985638888889	144.2347	01
44.4239777777778	143.034883333333	01
42.3643555555556	142.310030555556	01
42.9168694444444	143.207686111111	01
43.346175	142.372177777778	01
43.4566694444445	142.483125	01
41.7604944444444	140.720644444444	01
43.0603611111111	142.622063888889	01
42.8396866666667	140.677696388889	01
43.0498	141.355494444444	01
43.4040166666667	142.494391666667	01
43.0432	142.654141666667	01
45.4360888888889	141.039138888889	01
45.4154333333333	141.679	01
43.5865222222222	142.464761111111	01
43.4266166666667	142.452488888889	01
42.6311027777778	141.605113888889	01
43.7680916666667	142.349997222222	01
43.3391472222222	142.364672222222	01
42.8440638888889	140.647727777778	01
42.8554166666667	140.711802777778	01
43.3668194444444	142.377458333333	01
42.8415138888889	140.644008333333	01
43.0519944444444	142.633783333333	01
45.3016166666667	141.048647222222	01
42.5609083333333	140.845830555556	01
43.3412444444444	142.364969444444	01
41.7588305555556	140.715077777778	01
42.838325	140.634208333333	01
43.3404833333333	142.370088888889	01
42.8447972222222	140.649108333333	01
42.8202555555556	140.613833333333	01
43.4889555555556	144.448708333333	01
43.1448416666667	141.044761111111	01
41.7656972222222	140.714313888889	01
42.8556777777778	140.709013888889	01
43.6897694444445	142.523066666667	01
42.8449027777778	140.647369444444	01
42.7507611111111	140.910433333333	01
42.8571166666667	140.709833333333	01
41.7646944444444	140.714708333333	01
41.7739138888889	140.7328	01
43.5667833333333	144.998713888889	01
42.8437083333333	140.648136111111	01
42.829275	140.663655555556	01
42.8372194444444	140.674319444444	01
45.2424611111111	141.230605555556	01
42.8434	140.648777777778	01
43.0627972222222	145.088969444444	01
42.8629527777778	140.720941666667	01
42.8560277777778	140.711083333333	01
43.3391916666667	142.366344444444	01
42.7481083333333	140.907394444444	01
42.8375166666667	140.673897222222	01
43.3924388888889	142.393358333333	01
43.9799416666667	144.227827777778	01
45.4335166666667	141.863486111111	01
45.2417472222222	141.219969444444	01
41.7693555555556	140.710627777778	01
41.7623416666667	140.716725	01
42.0050944444444	140.6296	01
43.3628027777778	142.376580555556	01
43.0367805555556	141.383875	01
43.5690888888889	142.459397222222	01
41.97935	140.672205555556	01
42.8492305555556	140.707705555556	01
43.386475	142.403838888889	01
43.4092472222222	142.452838888889	01
41.761725	140.718344444444	01
42.8441611111111	140.646952777778	01
43.3418611111111	142.368702777778	01
42.9825	144.390075	01
42.9856611111111	144.388655555556	01
43.0726277777778	141.350805555556	01
42.8368083333333	140.624791666667	01
43.049925	141.387794444444	01
42.3343083333333	142.368391666667	01
45.2430805555556	141.224563888889	01
43.0609361111111	142.635013888889	01
42.4527361111111	141.198033333333	01
42.9772277777778	140.524797222222	01
42.8212583333333	141.649591666667	01
41.7908527777778	140.756525	01
41.7744722222222	140.733533333333	01
41.772075	140.732141666667	01
41.785725	140.752655555556	01
43.4318694444444	144.095777777778	01
45.4185055555556	141.679694444444	01
43.0566833333333	141.354180555556	01
42.4745611111111	141.243086111111	01
44.0191777777778	144.275152777778	01
44.3492194444444	143.355758333333	01
41.7728833333333	140.788611111111	01
43.7650833333333	142.364711111111	01
41.7690472222222	140.730097222222	01
43.0625916666667	141.364197222222	01
43.0662527777778	141.352525	01
43.7668777777778	142.366333333333	01
43.0473694444444	141.356097222222	01
43.9088444444444	144.665380555556	01
41.7718138888889	140.731947222222	01
41.7895027777778	140.755180555556	01
42.5630361111111	140.821438888889	01
43.0639361111111	141.353069444444	01
43.0740333333333	141.305397222222	01
42.7831222222222	141.684308333333	01
42.3323583333333	141.015366666667	01
43.0784944444444	141.348783333333	01
43.0610333333333	141.341316666667	01
42.3342277777778	142.365822222222	01
44.017575	144.255855555556	01
41.7684333333333	140.737891666667	01
44.0581305555556	143.527266666667	01
43.0473472222222	141.359230555556	01
42.9225583333333	143.211513888889	01
43.0483916666667	141.359161111111	01
43.05475	141.353136111111	01
43.0681138888889	141.357222222222	01
42.3508055555556	141.02335	01
42.6300361111111	141.6037	01
41.7861361111111	140.758683333333	01
41.7636111111111	140.727583333333	01
44.0183333333333	144.258538888889	01
42.8600111111111	140.70405	01
42.3196777777778	140.976047222222	01
43.0704027777778	141.35355	01
41.7881138888889	140.75205	01
43.0534916666667	141.347533333333	01
43.2868638888889	144.607077777778	01
43.3401361111111	142.364572222222	01
43.8050361111111	143.901194444444	01
42.8587527777778	140.702830555556	01
42.8608138888889	140.701711111111	01
41.8615111111111	140.1312	01
43.0622194444444	141.358644444444	01
41.7692222222222	140.729372222222	01
43.8024833333333	143.894111111111	01
42.9156833333333	143.209358333333	01
43.0535111111111	141.352275	01
42.3494	141.023433333333	01
44.9323111111111	142.570908333333	01
43.4842027777778	144.455686111111	01
41.7867833333333	140.756772222222	01
43.3284111111111	145.586966666667	01
43.2352416666667	141.011161111111	01
43.7236222222222	142.95065	01
43.0470472222222	141.361288888889	01
43.1969083333333	141.004802777778	01
43.0567638888889	141.362666666667	01
41.7672305555556	140.733488888889	01
43.8010055555556	143.893852777778	01
43.4725805555556	142.641152777778	01
43.0507277777778	141.351488888889	01
43.8043694444444	143.901536111111	01
43.7632361111111	142.361633333333	01
42.9799833333333	144.391275	01
43.0435611111111	141.360933333333	01
42.9172194444444	143.208202777778	01
42.9164833333333	143.208958333333	01
42.9194611111111	143.206980555556	01
41.7673888888889	140.739155555556	01
43.0628277777778	141.356488888889	01
42.9162527777778	143.205338888889	01
43.0460305555556	141.356741666667	01
41.7691666666667	140.735577777778	01
43.0685305555556	141.352902777778	01
43.1949111111111	141.0057	01
43.0541055555556	141.350513888889	01
41.7868777777778	140.745833333333	01
42.3144944444444	140.977447222222	01
43.8045972222222	143.895241666667	01
43.3413666666667	142.365544444444	01
43.0629277777778	141.350238888889	01
41.7671916666667	140.737233333333	01
43.0486111111111	141.971686111111	01
43.0113555555556	144.351397222222	01
42.4906833333333	141.145475	01
41.7671361111111	140.737547222222	01
42.9178333333333	143.206488888889	01
42.9159166666667	143.208655555556	01
43.7612527777778	142.366263888889	01
45.4048861111111	141.753077777778	01
43.0621416666667	141.359238888889	01
43.0647055555556	141.359875	01
43.1032472222222	141.371947222222	01
42.4893	141.147294444444	01
43.0446333333333	141.360805555556	01
43.0542638888889	141.359777777778	01
42.982	144.392877777778	01
43.589625	142.467608333333	01
41.8077972222222	140.720047222222	01
42.7831888888889	140.688936111111	01
42.8187166666667	141.650102777778	01
43.0487944444444	141.358802777778	01
44.0939444444444	143.788491666667	01
43.7638305555556	142.360063888889	01
42.9870416666667	144.386075	01
43.0666666666667	141.353013888889	01
43.0625444444444	141.412327777778	01
43.0621166666667	141.339575	01
42.8238611111111	141.653036111111	01
42.9166444444444	143.205161111111	01
42.3460083333333	141.027172222222	01
42.6363611111111	141.599988888889	01
43.8002	143.898155555556	01
44.0183194444444	144.258277777778	01
43.7655305555556	142.366222222222	01
43.0541611111111	141.349230555556	01
43.6438207	144.41407	01
43.0501277777778	141.351044444444	01
43.0530222222222	141.362697222222	01
43.6539916666667	145.137663888889	01
43.4322361111111	144.102869444444	01
43.7228027777778	142.950875	01
45.2308277777778	141.270983333333	01
41.7713	140.731875	01
42.6424333333333	141.620975	01
45.3940055555556	141.693566666667	01
42.5160388888889	141.109811111111	01
43.0653333333333	141.349891666667	01
43.0490388888889	144.857616666667	01
43.0527916666667	144.845069444444	01
45.3953777777778	141.690547222222	01
43.4317611111111	144.096866666667	01
43.8049222222222	143.895661111111	01
43.05985	141.350927777778	01
43.0882333333333	141.345708333333	01
43.0111666666667	142.884422222222	01
43.5511527777778	141.91025	01
43.4309277777778	144.103322222222	01
43.0615138888889	141.355958333333	01
42.9633861111111	141.166847222222	01
42.9180694444444	143.204836111111	01
42.9283888888889	143.308675	01
43.0504888888889	141.357988888889	01
42.6333166666667	141.604925	01
43.85195	144.605897222222	01
43.7283583333333	142.945027777778	01
45.3973555555556	141.68725	01
43.7230111111111	142.954294444444	01
42.9285305555556	143.307011111111	01
45.4037583333333	141.677436111111	01
44.0629444444444	145.005338888889	01
44.1076138888889	145.093844444444	01
42.5544694444444	140.866183333333	01
41.7738833333333	140.796602777778	01
41.7740766666667	140.793664166667	01
42.9146388888889	143.206416666667	01
42.8146666666667	141.651002777778	01
41.7726444444444	140.793938888889	01
41.7665944444444	140.73675	01
41.7576333333333	140.718397222222	01
44.0182527777778	144.257055555556	01
45.4171416666667	141.679908333333	01
44.0285444444444	145.172452777778	01
43.0616611111111	141.356244444444	01
41.7867333333333	140.757694444444	01
45.0691111111111	141.844255555556	01
43.4849638888889	144.456808333333	01
41.7749	140.7879	01
43.9806083333333	144.222561111111	01
43.0492638888889	141.355613888889	01
45.1828444444444	141.137663888889	01
45.2972083333333	141.049247222222	01
45.4337916666667	141.030919444444	01
42.8543722222222	140.711877777778	01
43.9123861111111	143.332513888889	01
43.7249583333333	142.949683333333	01
42.9346888888889	143.477652777778	01
43.0485083333333	141.359505555556	01
43.8223638888889	142.519416666667	01
43.1566027777778	141.031058333333	01
43.0687805555556	141.30845	01
42.9088555555556	143.191105555556	01
42.0142944444444	140.652944444444	01
41.7593333333333	140.718388888889	01
43.0531722222222	141.359425	01
41.7779944444444	140.784636111111	01
43.0568638888889	141.980713888889	01
44.0281416666667	145.170527777778	01
42.9887277777778	144.389305555556	01
42.9796833333333	144.389352777778	01
43.6460444444444	142.797675	01
41.7647916666667	140.721894444444	01
43.0524	141.358516666667	01
43.333375	142.371705555556	01
43.062575	141.358158333333	01
43.0550138888889	141.355691666667	01
42.9166361111111	143.205888888889	01
42.7479527777778	140.904566666667	01
42.1055388888889	140.576413888889	01
43.0520277777778	141.368975	01
42.7708972222222	141.405836111111	01
43.5728861111111	144.279936111111	01
42.8311222222222	140.681322222222	01
42.8625027777778	140.718927777778	01
43.0588194444444	141.343552777778	01
43.3019083333333	142.545708333333	01
43.4134888888889	142.422869444444	01
43.1584361111111	141.052180555556	01
43.1840416666667	144.514963888889	01
43.826275	144.627386111111	01
43.05465	141.358463888889	01
43.769925	142.364388888889	01
41.7700944444444	140.730266666667	01
42.9578527777778	140.699663888889	01
42.0313583333333	140.586966666667	01
43.1513611111111	144.141736111111	01
43.4312833333333	144.102491666667	01
43.4309166666667	144.104483333333	01
43.6463888888889	142.793586111111	01
43.6485944444444	142.803086111111	01
43.7666	142.350161111111	01
43.7679	142.367866666667	01
43.7649166666667	142.36315	01
43.7616222222222	142.361822222222	01
43.7677138888889	142.359930555556	01
43.7640944444444	142.361388888889	01
42.4702444444444	140.861638888889	01
42.169925	142.770230555556	01
42.1586555555556	142.779772222222	01
43.1958472222222	141.005594444444	01
42.8465388888889	140.726116666667	01
42.9857611111111	144.389438888889	01
43.1949277777778	141.004047222222	01
42.1999138888889	139.541858333333	01
42.1754527777778	139.412069444444	01
42.0657055555556	139.448372222222	01
43.7551666666667	143.512933333333	01
43.4806888888889	144.445927777778	01
43.9798055555556	144.224663888889	01
42.5145138888889	140.379319444444	01
42.0279166666667	140.829394444444	01
43.6740805555556	142.032613888889	01
41.4267722222222	140.114552777778	01
43.6367666666667	144.434991666667	01
41.7763888888889	140.788847222222	01
42.9633138888889	141.166088888889	01
45.2983944444444	141.050291666667	01
42.4858666666667	141.150972222222	01
43.5852194444444	142.467316666667	01
45.3262916666667	142.116430555556	01
41.7719388888889	140.788583333333	01
44.0470083333333	144.261555555556	01
42.9278527777778	143.303416666667	01
42.77775	141.314255555556	01
42.9288888888889	143.301955555556	01
43.1885583333333	145.514572222222	01
42.7663138888889	141.409125	01
43.0643222222222	141.34865	01
42.9251111111111	143.211927777778	01
44.3602777777778	141.70725	01
43.0786666666667	141.308619444444	01
43.1783388888889	141.038905555556	01
42.977875	144.391341666667	01
42.9748055555556	144.383861111111	01
42.9820555555556	144.38445	01
42.987725	144.384488888889	01
42.9871444444444	144.384480555556	01
43.1465611111111	144.498566666667	01
42.9799722222222	144.386094444444	01
42.9866416666667	144.38755	01
43.5848722222222	144.276727777778	01
43.5455361111111	144.351955555556	01
43.6425694444444	144.405144444444	01
44.0947722222222	142.426113888889	01
42.5614111111111	140.843672222222	01
43.8595277777778	144.129119444444	01
43.6169722222222	142.781102777778	01
42.4939138888889	141.144769444444	01
43.63655	144.438055555556	01
43.9375916666667	141.655541666667	01
43.3631444444444	143.192297222222	01
42.8645027777778	140.728444444444	01
42.8282888888889	142.994708333333	01
43.3262722222222	145.590258333333	01
42.8671305555556	142.446405555556	01
42.9308944444444	143.306872222222	01
43.7679444444444	142.360055555556	01
43.067825	141.352597222222	01
43.0468611111111	141.355708333333	01
43.04765	141.3574	01
43.0495583333333	141.356097222222	01
43.0736833333333	141.350502777778	01
43.0553888888889	141.351436111111	01
43.0650916666667	141.348430555556	01
43.0601361111111	141.354336111111	01
43.0608305555556	141.357691666667	01
43.0451055555556	141.359638888889	01
43.0535111111111	141.344594444444	01
43.0746472222222	141.308308333333	01
43.0564416666667	141.348508333333	01
43.0451777777778	141.374352777778	01
43.0633833333333	141.358827777778	01
43.0498666666667	141.361747222222	01
43.0526027777778	141.354925	01
43.0548305555556	141.362397222222	01
42.9702972222222	141.531286111111	01
42.9312027777778	143.301344444444	01
43.0767694444444	144.234327777778	01
42.8434916666667	140.630263888889	01
42.7729527777778	141.406777777778	01
42.7734138888889	141.407141666667	01
42.7723083333333	141.406152777778	01
42.0697194444444	140.775511111111	01
42.3517722222222	141.023327777778	01
42.3439916666667	141.029455555556	01
42.3169361111111	140.973844444444	01
42.3468530555556	141.027374166667	01
43.1468777777778	144.523291666667	01
43.5749944444444	142.465266666667	01
42.8350444444444	140.667811111111	01
43.2896444444444	145.590338888889	01
43.1177666666667	141.246402777778	01
45.2986944444444	141.051022222222	01
44.2934944444444	142.174613888889	01
42.9167555555556	143.206961111111	01
42.9818722222222	143.289533333333	01
42.8610944444444	140.748469444444	01
43.0432055555556	145.0656	01
45.4463388888889	141.650155555556	01
43.5107222222222	142.430561111111	01
43.524175	142.518875	01
43.92275	144.440969444444	01
43.1965361111111	141.000136111111	01
43.1762833333333	140.980369444444	01
43.1394083333333	141.043188888889	01
43.1963527777778	141.005130555556	01
43.1434055555556	141.044772222222	01
43.1756777777778	140.978005555556	01
43.1755361111111	140.978544444444	01
42.5541944444444	140.866286111111	01
43.3322305555556	145.583666666667	01
42.963	141.168383333333	01
43.8028138888889	143.897136111111	01
43.0367722222222	141.475541666667	01
42.3543194444444	142.330230555556	01
43.3206944444444	142.357647222222	01
43.6689472222222	142.546422222222	01
42.5169666666667	141.11095	01
42.9692777777778	141.169144444444	01
43.9578916666667	143.426741666667	01
42.91655	143.200961111111	01
43.2706555555556	143.308669444444	01
43.8329333333333	144.621138888889	01
42.3367111111111	142.371786111111	01
42.5633472222222	140.829591666667	01
42.8242194444444	141.653655555556	01
42.8233111111111	141.6549	01
42.8222666666667	141.651888888889	01
43.6351861111111	144.440347222222	01
43.6339555555556	144.443438888889	01
42.8616833333333	140.717294444444	01
43.2711055555556	143.109586111111	01
43.7241222222222	142.957247222222	01
43.7239888888889	142.950375	01
43.7259194444444	142.948633333333	01
43.7234083333333	142.955952777778	01
41.7757194444444	140.785930555556	01
42.9888472222222	144.391647222222	01
42.9260416666667	143.205716666667	01
42.9162416666667	143.208516666667	01
42.9175444444444	143.208261111111	01
42.7375305555556	143.013994444444	01
42.7924	140.670505555556	01
42.7711347222222	140.805744722222	01
43.1436333333333	141.043155555556	01
43.7572972222222	143.512491666667	01
41.7773083333333	140.795594444444	01
43.4704277777778	142.641636111111	01
43.0691444444444	142.958347222222	01
43.0575472222222	141.348213888889	01
42.4924888888889	141.148611111111	01
42.4903888888889	141.147052777778	01
42.4921138888889	141.147288888889	01
42.6315555555556	141.603166666667	01
44.0698777777778	145.000630555556	01
44.0693138888889	145.004494444444	01
44.0674305555556	145.006275	01
44.0680133333333	145.006876666667	01
44.0683583333333	145.008052777778	01
44.0706166666667	145.004811111111	01
45.3951194444444	141.689858333333	01
45.4135972222222	141.680397222222	01
45.3965444444444	141.687033333333	01
45.4170416666667	141.68255	01
41.7752944444444	140.794888888889	01
45.1837333333333	141.139591666667	01
42.6554583333333	143.1521	01
43.061425	141.348855555556	01
43.0562388888889	141.35045	01
43.0380111111111	141.357291666667	01
42.5144166666667	140.379916666667	01
43.1951888888889	144.392247222222	01
42.9611833333333	141.1635	01
42.962425	141.1637	01
42.9668916666667	141.171086111111	01
42.9626722222222	141.165394444444	01
42.9618222222222	141.165791666667	01
43.3255916666667	141.862608333333	01
43.6191916666667	142.784086111111	01
43.6174472222222	142.781794444444	01
43.6732	144.979827777778	01
45.2403916666667	141.225147222222	01
42.4915	141.145322222222	01
42.4977277777778	141.144397222222	01
42.4891138888889	141.147780555556	01
43.7627638888889	142.365138888889	01
42.9829111111111	144.387544444444	01
43.0521138888889	141.363827777778	01
43.0685277777778	141.351811111111	01
42.9176694444444	143.203994444444	01
42.635775	141.600416666667	01
41.7690361111111	140.728236111111	01
41.7684166666667	140.733955555556	01
43.8019805555556	143.899344444444	01
42.8653416666667	140.602813888889	01
43.2452666666667	141.993908333333	01
41.7712666666667	140.794666666667	01
41.7718972222222	140.787888888889	01
41.7740277777778	140.786708333333	01
41.7716555555556	140.790130555556	01
41.7718888888889	140.789425	01
42.8573444444444	140.704994444444	01
42.6193194444444	141.025258333333	01
43.7234722222222	142.950091666667	01
42.624425	141.030377777778	01
41.7761666666667	140.786125	01
43.4719194444444	142.643975	01
42.6216388888889	141.029241666667	01
43.6456222222222	142.793697222222	01
43.5852777777778	144.726430555556	01
43.7624694444444	142.362216666667	01
43.7699194444444	142.424611111111	01
42.5630583333333	140.837886111111	01
42.563275	140.825636111111	01
42.5631277777778	140.824022222222	01
42.5631102	140.821446	01
42.5632638888889	140.828402777778	01
42.56195	140.828263888889	01
42.636475	141.603802777778	01
42.6368333333333	141.603361111111	01
42.6442805555556	141.612233333333	01
42.5746027777778	140.2427	01
44.0098861111111	144.119808333333	01
42.8597888888889	140.706752777778	01
41.8173555555556	140.696230555556	01
41.7751388888889	140.741369444444	01
41.7710694444444	140.733188888889	01
41.756525	140.725538888889	01
41.7633527777778	140.734102777778	01
41.7661805555556	140.712347222222	01
41.7670527777778	140.7258	01
41.9909777777778	140.645536111111	01
41.7635805555556	140.715230555556	01
42.9144111111111	142.996130555556	01
42.252375	140.276405555556	01
43.577775	145.218247222222	01
43.5650055555556	145.225183333333	01
43.5352361111111	142.451833333333	01
45.1226861111111	142.366002777778	01
42.9305694444444	143.303427777778	01
43.4080361111111	142.446452777778	01
43.3380638888889	142.362333333333	01
43.4604555555556	142.459597222222	01
43.4301611111111	142.427152777778	01
44.4187833333333	143.0319	01
44.4383305555556	141.429661111111	01
41.771675	140.789905555556	01
41.7722111111111	140.789963888889	01
43.3740833333333	144.858119444444	01
41.7681583333333	140.731333333333	01
42.4976972222222	141.144386111111	01
43.5587083333333	145.000805555556	01
42.5628333333333	140.813638888889	01
43.2013222222222	141.771416666667	01
42.8583555555556	140.706838888889	01
42.9078777777778	143.200930555556	01
43.0869138888889	141.347622222222	01
43.8023944444444	143.894652777778	01
43.8009305555556	143.891475	01
43.802025	143.896322222222	01
43.7965111111111	143.88835	01
43.8017222222222	143.900472222222	01
43.7995416666667	143.892458333333	01
45.2446055555556	141.221688888889	01
43.0650555555556	141.340858333333	01
43.9662305555556	144.215094444444	01
42.9044138888889	143.264875	01
43.34065	142.396119444444	01
45.0921638888889	141.660991666667	01
44.0609527777778	144.250175	01
42.4658527777778	142.230119444444	01
45.1842583333333	141.1411	01
42.9959	144.420969444444	01
43.7038972222222	141.891655555556	01
45.4619555555556	140.971116666667	01
43.4128722222222	142.419375	01
43.5515027777778	144.438580555556	01
41.77675	140.736361111111	01
43.3346055555556	142.398772222222	01
45.3313972222222	141.038077777778	01
44.0160138888889	144.253155555556	01
43.0717555555556	145.096186111111	01
44.4291805555556	141.338211111111	01
43.3260972222222	140.382869444444	01
45.2931361111111	141.044913888889	01
45.5187555555556	141.943672222222	01
43.3416944444444	142.366811111111	01
45.4223138888889	141.069819444444	01
43.2671305555556	145.476036111111	01
44.0476166666667	145.234933333333	01
45.0124083333333	141.850191666667	01
41.7567666666667	140.725147222222	01
42.4930416666667	141.145252777778	01
43.63535	144.443675	01
44.0185166666667	144.258997222222	01
44.0190027777778	144.268480555556	01
43.9939777777778	144.241308333333	01
44.0205555555556	144.259605555556	01
43.9900666666667	144.229008333333	01
44.0372083333333	144.255291666667	01
44.346875	143.359808333333	01
44.34545	143.359544444444	01
42.9763527777778	142.400472222222	01
43.3883583333333	142.515675	01
43.5159138888889	142.455186111111	01
43.969975	145.153525	01
45.2422583333333	141.233605555556	01
45.2425944444444	141.221736111111	01
45.2396055555556	141.230186111111	01
43.5306666666667	142.432772222222	01
45.4113638888889	141.680208333333	01
45.3972222222222	141.684216666667	01
45.308	141.026902777778	01
45.3031555555555	141.054005555556	01
41.8231555555556	140.732536111111	01
43.0774694444444	145.134063888889	01
42.9233805555556	143.200047222222	01
42.8238527777778	141.655430555556	01
42.9001944444444	143.205813888889	01
43.3394638888889	142.365213888889	01
44.4345388888889	141.429172222222	01
41.7732277777778	140.789122222222	01
45.404775	141.677197222222	01
44.4373777777778	141.330394444444	01
45.2351277777778	141.230866666667	01
43.5866472222222	144.727866666667	01
43.319275	145.573319444444	01
43.2965472222222	140.602886111111	01
43.7747	142.364177777778	01
45.1339416666667	141.310758333333	01
41.9457361111111	143.226497222222	01
43.1391972222222	141.160758333333	01
42.9012027777778	140.712186111111	01
43.9736861111111	142.287180555556	01
44.0078805555556	144.237644444444	01
42.4929194444444	141.145336111111	01
41.8633166666667	140.123863888889	01
43.1600694444444	142.573716666667	01
43.3649611111111	140.47835	01
45.3022277777778	141.052727777778	01
43.0381972222222	144.852522222222	01
42.8395722222222	140.676086111111	01
42.8629444444444	140.71915	01
42.8555111111111	140.708055555556	01
42.8603666666667	140.70655	01
43.3349916666667	142.365422222222	01
42.8579222222222	140.707958333333	01
42.7797833333333	141.316522222222	01
43.0490555555556	141.356280555556	01
42.1845472222222	140.126316666667	01
43.7248972222222	142.543683333333	01
43.177675	142.813455555556	01
43.1276166666667	143.597644444444	01
42.8961277777778	143.258622222222	01
43.3387333333333	142.364994444444	01
43.3256916666667	142.367388888889	01
43.6559166666667	144.455758333333	01
43.1421416666667	144.149536111111	01
43.6506611111111	145.136747222222	01
43.0500805555556	141.355577777778	01
45.3954638888889	141.688758333333	01
43.0547611111111	141.352583333333	01
43.0539027777778	141.3528	01
43.1858305555556	141.448733333333	01
43.3405833333333	142.364541666667	01
43.5161194444444	144.482708333333	01
43.1427138888889	141.043558333333	01
43.3188472222222	142.36785	01
43.6051972222222	142.469063888889	01
43.5669555555556	142.459519444444	01
42.8536166666667	140.711361111111	01
45.2423416666667	141.232144444444	01
43.3402861111111	142.365688888889	01
42.173175	142.765755555556	01
42.8173666666667	141.650925	01
42.8477083333333	140.645113888889	01
43.9384638888889	141.648052777778	01
42.8950472222222	140.739130555556	01
42.3354388888889	142.368958333333	01
43.1966444444444	140.997161111111	01
41.7782722222222	140.787427777778	01
45.4040916666667	141.677055555556	01
44.0730805555556	145.004402777778	01
42.5719583333333	141.929547222222	01
42.5142611111111	140.377830555556	01
43.1654694444444	140.776127777778	01
43.1454694444444	141.044308333333	01
43.5850027777778	144.726838888889	01
42.8623388888889	140.718258333333	01
43.3311333333333	142.366922222222	01
43.34305	142.367861111111	01
43.7572333333333	143.511047222222	01
42.5144638888889	140.379755555556	01
42.5542277777778	140.859761111111	01
42.9384861111111	143.303083333333	01
42.9394611111111	141.132938888889	01
42.5130972222222	140.378536111111	01
43.3489472222222	142.420180555556	01
43.6426833333333	144.407383333333	01
42.5628194444444	140.829527777778	01
42.8709666666667	140.640855555556	01
43.6361638888889	144.441336111111	01
41.9756555555556	140.145658333333	01
43.1621555555556	141.055363888889	01
44.3626805555556	141.704736111111	01
42.3276	141.021038888889	01
45.3894222222222	141.6862	01
43.1444055555556	141.043347222222	01
43.3417416666667	142.364408333333	01
45.183875	141.139188888889	01
43.6901833333333	142.060088888889	01
42.9304472222222	143.300716666667	01
43.5756694444444	142.612916666667	01
44.0262555555556	145.162683333333	01
43.7267916666667	142.947041666667	01
42.4891944444444	141.145761111111	01
43.4300944444444	144.101430555556	01
41.7743916666667	140.793461111111	01
43.9110888888889	144.648716666667	01
42.8412944444444	140.638075	01
41.7706555555556	140.735161111111	01
41.7456833333333	140.720522222222	01
43.6170888888889	142.782458333333	01
43.3291583333333	141.860655555556	01
43.3407027777778	142.364508333333	01
42.961875	141.167208333333	01
43.2164	142.501147222222	01
43.5932916666667	142.473044444444	01
43.4856111111111	144.458275	01
43.5351694444444	142.453608333333	01
42.7718277777778	141.407305555556	01
43.4314472222222	144.095102777778	01
41.7676333333333	140.737841666667	01
42.9841361111111	140.522733333333	01
42.9286916666667	143.310777777778	01
44.0187388888889	144.262988888889	01
43.5611611111111	145.225636111111	01
43.1427777777778	141.179222222222	01
42.2018194444444	139.548225	01
43.3390472222222	142.390302777778	01
42.5146138888889	140.379116666667	01
43.0114194444444	144.3511	01
45.2504166666667	141.194638888889	01
43.6092611111111	142.459230555556	01
45.2422555555556	141.229769444444	01
43.7637972222222	142.316786111111	01
42.5608527777778	140.826388888889	01
43.9901166666667	144.227930555556	01
45.41685	141.640586111111	01
42.8231277777778	140.673155555556	01
43.4609972222222	142.473430555556	01
43.3837138888889	142.537386111111	01
43.8258833333333	144.717152777778	01
42.9215888888889	143.455355555556	01
42.533425	142.005633333333	01
43.8544083333333	141.526227777778	01
44.1012583333333	143.904488888889	01
43.2422666666667	142.385905555556	01
43.322375	145.580997222222	01
42.8942833333333	140.700375	01
42.6629	139.970933333333	01
43.5905722222222	142.490025	01
43.3423777777778	142.366833333333	01
43.5778027777778	145.218066666667	01
43.5868277777778	142.463941666667	01
42.8667583333333	140.728541666667	01
43.2997805555556	142.532480555556	01
43.5971083333333	142.467194444444	01
43.3304166666667	142.527722222222	01
42.169875	139.519775	01
44.0603972222222	145.002313888889	01
43.4406908333333	142.43645	01
43.5455777777778	144.975680555556	01
42.8631194444445	140.722986111111	01
43.3398722222222	142.368411111111	01
43.2432722222222	141.353805555556	01
43.2840027777778	145.578283333333	01
41.4239583333333	140.104661111111	01
42.5569833333333	141.37295	01
43.5955111111111	142.452594444444	01
42.8491222222222	140.706888888889	01
43.8858830555556	141.926913333333	01
43.3414888888889	142.367011111111	01
42.8340388888889	140.691569444444	01
43.4291277777778	144.101816666667	01
43.7604666666667	142.36705	01
43.0537027777778	141.358136111111	01
42.4907752	141.13444	01
43.5153116666667	144.481676111111	01
44.0182444444444	144.257361111111	01
43.13218352	142.848047	01
43.0669555555556	141.357780555556	01
43.0630747	141.358337	01
43.8038191666667	143.900034166667	01
40.5969394	140.487729	01
38.1030888888889	140.832075	01
43.2705305555556	143.107936111111	01
42.9646888888889	141.165572222222	01
41.7734944444444	140.792072222222	01
43.7748527777778	142.377597222222	01
42.6373305555556	140.826533333333	01
43.3991527777778	145.122847222222	01
41.5974722222222	140.325041666667	01
42.8195155	141.647498	01
42.0288972222222	140.824655555556	01
42.8312194444445	140.692138888889	01
42.3473833333333	141.032172222222	01
42.8601416666667	140.710927777778	01
42.8299916666667	140.677725	01
42.7518916666667	140.914408333333	01
43.8029185	143.89703	01
42.8375919444444	140.674215277778	01
43.7621472222222	142.364547222222	01
43.0554805555556	141.353961111111	01
43.0463444444444	141.356708333333	01
41.7689416666667	140.731183333333	01
43.0571944444444	141.353797222222	01
43.06135	142.634655555556	01
42.8288444444444	140.664541666667	01
43.3413972222222	142.3679	01
43.5428666666667	142.245063888889	01
42.8999	140.750169444444	01
42.8400694444444	140.641238888889	01
43.5713083333333	144.319211111111	01
42.7526055555556	140.924863888889	01
42.6448083333333	142.168713888889	01
42.1190333333333	140.449919444444	01
43.2666388888889	145.475141666667	01
43.5604944444444	144.346775	01
43.608175	142.441727777778	01
43.1104638888889	140.456869444444	01
45.2440138888889	141.223611111111	01
41.7672861111111	140.73825	01
42.8441333333333	140.647447222222	01
42.8360944444444	140.677716666667	01
45.4182861111111	141.643330555556	01
43.8040777777778	143.894952777778	01
43.7219638888889	142.951244444444	01
42.8213638888889	140.614211111111	01
42.8615055555556	140.700352777778	01
41.8116861111111	141.184008333333	01
43.7622055555556	142.317952777778	01
43.1162027777778	145.113858333333	01
42.8305083333333	140.663322222222	01
42.8450222222222	140.649894444444	01
43.7843083333333	143.645616666667	01
42.8665666666667	140.602125	01
43.6007777777778	142.454127777778	01
42.9262194444444	143.212138888889	01
42.5588083333333	140.805594444444	01
41.7641972222222	140.708288888889	01
42.4735861111111	141.2393	01
42.7321138888889	141.8708	01
41.7721472222222	140.731980555556	01
43.3984583333333	142.450758333333	01
42.8437055555556	140.647719444444	01
42.4729777777778	140.870141666667	01
42.8550083333333	140.710302777778	01
43.0868111111111	141.297025	01
43.3415333333333	142.395586111111	01
44.0806722222222	143.949919444444	01
42.9268194444444	143.210063888889	01
43.57085	144.306175	01
42.0555972222222	139.451402777778	01
43.5611277777778	142.462530555556	01
41.7699138888889	140.705022222222	01
43.3401916666667	142.367580555556	01
43.422975	142.403108333333	01
42.6622527777778	141.702297222222	01
42.8658527777778	140.601272222222	01
44.3274297222222	142.952324722222	01
43.3640027777778	142.344025	01
44.0606055555556	145.241177777778	01
43.4127375	142.642962777778	01
45.4178194444444	141.680625	01
42.6235277777778	141.738261111111	01
43.0669777777778	141.348894444444	01
44.0460722222222	145.233986111111	01
43.5701888888889	142.429438888889	01
42.4711916666667	141.237427777778	01
41.9343027777778	140.916486111111	01
42.5599555555556	140.829272222222	01
42.4770388888889	141.248341666667	01
42.4737555555556	140.204675	01
43.2937472222222	142.500430555556	01
42.6202525	141.026820555556	01
42.1199463888889	140.379721388889	01
43.3909555555556	145.128186111111	01
43.2535583333333	141.97635	01
43.6093666666667	144.365230555556	01
43.4838805555556	144.468141666667	01
43.3276972222222	141.861888888889	01
42.816075	140.531472222222	01
42.8583583333333	140.707336111111	01
43.4713472222222	142.641188888889	01
42.8583111111111	140.707847222222	01
45.1045305555556	141.228494444444	01
42.8548583333333	140.714830555556	01
42.9258666666667	143.457638888889	01
43.6571	143.010705555556	01
42.8610166666667	140.716761111111	01
42.9174166666667	143.042116666667	01
42.8578388888889	140.706883333333	01
43.5166222222222	142.453116666667	01
43.5472194444444	142.592494444444	01
43.577775	142.478619444444	01
45.2420222222222	141.229475	01
44.3627027777778	141.707938888889	01
43.4112138888889	142.646869444444	01
43.5179972222222	142.028422222222	01
42.841475	140.646041666667	01
45.2734194444444	141.03495	01
42.8269472222222	140.669188888889	01
43.5090666666667	144.472988888889	01
42.8564833333333	140.709630555556	01
42.8555472222222	140.710980555556	01
43.3424222222222	142.390877777778	01
44.1629472222222	142.378283333333	01
45.4082805555556	141.677386111111	01
42.9766305555556	144.394586111111	01
45.395925	141.687541666667	01
43.9636138888889	144.2222	01
45.3019722222222	141.052363888889	01
42.8563194444444	140.71045	01
42.5418083333333	143.447588888889	01
42.5623388888889	140.818911111111	01
43.0765444444444	144.235147222222	01
42.5158583333333	141.111436111111	01
42.8969166666667	140.752963888889	01
43.4712416666667	142.6451	01
41.4243583333333	140.105861111111	01
41.9292722222222	140.240036111111	01
42.8575888888889	140.705169444444	01
42.3476083333333	141.041541666667	01
43.6021694444444	142.448016666667	01
41.7588333333333	140.722227777778	01
43.6007777777778	142.454127777778	01
41.4782194444444	140.258338888889	01
44.0173427777778	145.197506388889	01
41.7337194444444	140.500469444444	01
42.858075	140.706511111111	01
42.8578861111111	140.704277777778	01
44.0984583333333	143.833083333333	01
43.3410277777778	142.368444444444	01
42.8531611111111	140.714033333333	01
43.3935861111111	142.392669444444	01
43.3151555555556	142.371419444444	01
44.3813583333333	142.475619444444	01
43.2456944444444	142.343891666667	01
41.7711861111111	140.732622222222	01
43.5284138888889	142.467902777778	01
42.4903916666667	141.146963888889	01
43.3128527777778	140.545272222222	01
42.1174388888889	140.434586111111	01
43.7839222222222	143.626683333333	01
45.2431194444444	141.227236111111	01
42.7516805555556	140.912197222222	01
43.5755722222222	142.465533333333	01
41.9769194444444	140.676005555556	01
41.7759913888889	140.792630833333	01
43.5919388888889	142.465911111111	01
45.2421	141.223547222222	01
43.3321555555556	145.583586111111	01
43.4894694444444	144.500733333333	01
43.1245722222222	142.991625	01
43.3407611111111	142.366419444444	01
42.9793083333333	140.509744444444	01
42.8463444444444	140.744902777778	01
43.6116416666667	141.942230555556	01
42.7388361111111	140.882544444444	01
43.0992416666667	140.823866666667	01
42.8443777777778	140.632513888889	01
43.3139194444444	142.370725	01
42.6243666666667	141.734052777778	01
42.5655194444444	140.808469444444	01
44.0206138888889	145.192569444444	01
43.9908916666667	144.227813888889	01
41.7660916666667	140.713652777778	01
43.5234666666667	142.197608333333	01
43.3841063	142.396602	01
43.05123203	141.3633552	01
42.8452189	140.649391	01
34.46544532	131.7754468	01
43.39156535	142.4030851	01
43.340502	142.364667	01
45.2217952	141.219299	01
42.9165499	143.200948	01
43.0606287	141.3558133	01
43.1686472222222	141.359327777778	01
43.6344194444444	144.443508333333	01
45.0721333333333	141.843119444444	01
45.3970916666667	141.68325	01
42.8289039	140.666258	01
43.7698138888889	142.365255555556	01
42.8562277777778	140.711041666667	01
42.8602611111111	140.712938888889	01
42.9863138888889	144.387272222222	01
42.8638222222222	140.721186111111	01
42.8626277777778	140.719077777778	01
42.8425361111111	140.718786111111	01
43.0672222222222	142.949136111111	01
42.8667583333333	140.704327777778	01
42.8544194444444	140.711894444444	01
42.8629305555556	140.721119444444	01
43.00965	144.339513888889	01
43.9370944444444	141.687666666667	01
42.2260944444444	140.311019444444	01
42.9494277777778	140.510919444444	01
43.4765194444444	144.472922222222	01
42.8566305555556	140.710052777778	01
42.8559527777778	140.70845	01
43.3357777777778	142.366344444444	01
42.9320944444444	143.425661111111	01
43.1960527777778	140.998483333333	01
45.4178833333333	141.643658333333	01
43.9120138888889	144.650597222222	01
42.919325	143.205536111111	01
43.0641	141.350691666667	01
43.6324027777778	143.883877777778	01
43.7685166666667	142.363033333333	01
42.9196166666667	143.205733333333	01
42.334175	142.369911111111	01
43.0708634	141.351679	01
43.7408027777778	142.497769444444	01
43.5433166666667	144.97835	01
43.109125	141.560627777778	01
42.9201138888889	143.1335	01
43.4710722222222	142.647063888889	01
43.7650888888889	142.360013888889	01
42.5609694444444	140.844727777778	01
42.8533888888889	140.712347222222	01
43.3873638888889	143.337388888889	01
43.3632333333333	143.195019444444	01
43.0582305555556	141.341766666667	01
42.9513861111111	140.509558333333	01
43.3407194444444	142.368355555556	01
42.4694305555556	140.857602777778	01
43.1979444444444	141.463644444444	01
43.0560861111111	141.360219444444	01
42.8792638888889	140.551633333333	01
43.5341361111111	142.548283333333	01
42.8313861111111	140.685413888889	01
42.5802277777778	141.028175	01
43.1444055555556	141.043347222222	01
43.63399	144.439627222222	01
43.5606686111111	144.346780277778	01
43.1325613888889	144.327315	01
43.4030672222222	142.521736388889	01
41.7700294444444	140.799681666667	01
43.4387802777778	142.432713333333	01
44.7985211111111	142.079836666667	01
42.9158361111111	143.201256388889	01
43.0663388888889	141.601119444444	01
43.6163388888889	144.460008055556	01
43.3622972222222	143.193751111111	01
43.9267688888889	142.49791	01
42.4848377777778	143.280825555556	01
43.3279669444444	140.397570277778	01
43.3394805555556	142.364722222222	01
42.96806	141.168401388889	01
43.7645422222222	142.364352222222	01
43.0916866666667	141.7962525	01
43.5482411111111	145.229487222222	01
42.6328191666667	140.817136111111	01
43.7683833333333	142.446394444444	01
43.0532686111111	141.365431944444	01
43.04468	141.964136944444	01
45.3060838888889	141.040309444444	01
43.9359388888889	141.651411111111	01
43.5289388888889	141.848388888889	01
43.1889527777778	141.007191666667	01
42.8572872222222	140.709300277778	01
42.8549333333333	140.711759722222	01
43.3253141666667	140.382797777778	01
42.1174388888889	140.434586111111	01
43.6155716666667	144.364915	01
43.5806138888889	141.897319444444	01
44.52625	143.066519444444	01
42.1688583333333	139.518619444444	01
41.9358852777778	143.242743333333	01
43.5014411111111	142.009055555556	01
44.1231025	143.976744722222	01
44.1110727777778	142.142188333333	01
45.5192716666667	141.942834166667	01
43.5521861111111	141.912486111111	01
42.1864888888889	139.902125	01
43.0476466666667	143.138716666667	01
42.7450997222222	140.9068025	01
43.5646961111111	144.437049722222	01
43.1621377777778	142.816253055556	01
44.077255	145.011139166667	01
43.9129352777778	144.170409722222	01
42.9655861111111	141.223230555556	01
43.1506630555556	142.4947275	01
42.9659694444444	141.224527777778	01
41.8001472222222	140.739597222222	01
42.8181408333333	140.616271944444	01
44.0682472222222	145.005141666667	01
43.4302055555556	144.103526388889	01
43.5439113888889	144.353681944444	01
43.063235	142.917584444444	01
43.4750425	144.684920555556	01
42.531525	141.278580555556	01
43.54955	144.367959722222	01
43.1440305555556	141.177327777778	01
43.1757363888889	140.980662777778	01
43.7566805555556	142.324180555556	01
42.5823927777778	140.708103611111	01
43.3147305555556	140.380838888889	01
44.3113561111111	141.659558888889	01
43.36217	142.356738055556	01
43.7295527777778	143.428386111111	01
42.8567083333333	140.709333333333	01
42.4658483333333	140.204436944444	01
42.9830755555556	144.388663611111	01
43.1926666666667	141.007672222222	01
42.7877805555556	140.751419444444	01
43.0267247222222	140.870579444444	01
43.5178580555556	142.432135555556	01
41.7880286111111	140.758186388889	01
42.9849	142.859352777778	01
43.0521286111111	141.343319722222	01
41.9777777777778	140.679458333333	01
41.9790611111111	140.673927777778	01
43.2015805555556	141.001825	01
42.850625	140.704302777778	01
43.4257675	142.450962777778	01
44.6578080555556	142.258533055556	01
43.7557194444444	143.512716666667	01
42.9188358333333	143.064415833333	01
43.9425888888889	142.587855555556	01
45.3272666666667	142.179505277778	01
42.8537188888889	140.707818888889	01
44.0603455555556	145.002203055556	01
42.7921055555556	140.689827777778	01
42.41265	139.883975	01
42.8930866666667	143.469586388889	01
42.8664822222222	140.602463333333	01
43.1861044444444	141.012260555556	01
43.7486722222222	141.353302777778	01
43.7688816666667	142.379888888889	01
42.8542783333333	140.711756388889	01
43.0548138888889	141.332827777778	01
43.3621808333333	143.192506388889	01
42.8540588888889	140.712503611111	01
42.6565669444444	143.1507375	01
42.8552638888889	140.710411111111	01
43.0486505555556	141.355266666667	01
43.1897277777778	140.801536111111	01
43.4856916666667	144.458716666667	01
41.7573080555556	140.727313333333	01
42.8574722222222	140.709847222222	01
42.8387313888889	140.623726388889	01
43.4227583333333	142.449463888889	01
43.4579452777778	142.875125833333	01
42.5169386111111	141.111328333333	01
42.8409616666667	140.710833055556	01
42.9800936111111	144.387001388889	01
43.8198869444444	142.548864166667	01
43.3796838888889	142.484739722222	01
42.9953333333333	141.780036111111	01
43.0800511111111	142.842714722222	01
41.928125	140.637958333333	01
43.4758194444444	142.472002222222	01
42.8566861111111	140.708086111111	01
42.4217611111111	140.023427777778	01
42.2183855555556	142.638234444444	01
41.8023972222222	140.079005555556	01
42.8429575	140.708469166667	01
43.1498833333333	144.510391666667	01
43.2922022222222	140.628939166667	01
43.8552722222222	141.529713888889	01
41.7488338888889	140.716548888889	01
43.3409380555556	141.895150833333	01
43.154325	141.933852777778	01
42.7954194444444	140.601058333333	01
42.4759222222222	140.204716666667	01
42.2329666666667	140.313786111111	01
42.8204855555556	140.668100833333	01
43.8946388888889	144.578288888889	01
43.8473416666667	142.772394444444	01
43.6839944444444	142.092811111111	01
43.8462722222222	141.508558888889	01
43.4741944444444	144.442215277778	01
43.1618783333333	142.496007222222	01
43.3624194444444	143.193369444444	01
42.8435	140.648202777778	01
43.4686097222222	142.480468888889	01
43.6900694444444	142.521597222222	01
44.070045	144.997731944444	01
42.5800333333333	141.028200833333	01
43.4321527777778	144.093755555556	01
42.9655775	141.1722275	01
43.3230463888889	145.580936388889	01
43.3667208333333	142.377012777778	01
42.8566305555556	140.710052777778	01
42.61745	141.026458333333	01
43.2123027777778	141.002322222222	01
42.8629888888889	140.722905555556	01
42.9108352777778	141.394593333333	01
43.4554688888889	143.763900277778	01
42.833995	140.690813333333	01
42.7892777777778	140.691661111111	01
45.071775	141.843475	01
42.014275	143.151397222222	01
42.4002138888889	142.383588888889	01
43.342325	142.366508333333	01
43.1915775	140.827081666667	01
42.8580333333333	140.708216666667	01
42.8562444444444	140.712511111111	01
43.5459444444444	144.976188888889	01
43.3593633333333	142.416354166667	01
42.599325	140.787591666667	01
42.9889111111111	144.391580555556	01
41.7662166666667	140.727275	01
41.5930722222222	140.298158333333	01
42.8573361111111	140.709336111111	01
43.5710205555556	144.307233611111	01
42.1527805555556	140.044605555556	01
43.3517694444444	140.468316666667	01
43.8107533333333	142.438990555556	01
42.3128194444444	140.970469444444	01
44.0190861111111	144.266416666667	01
44.0187277777778	144.262883333333	01
43.5920444444444	142.491880555556	01
43.7314305555556	143.427294444444	01
42.8533833333333	140.712177777778	01
42.8555222222222	140.711075	01
41.7923444444444	141.156633333333	01
43.3783369444444	145.116753333333	01
45.4185777777778	141.678758333333	01
45.4182916666667	141.64325	01
43.7627172222222	141.970466388889	01
43.4318138888889	144.096580555556	01
43.0478333333333	141.358830555556	01
43.2730472222222	144.576555555556	01
43.1571444444444	142.912966666667	01
42.8424091666667	140.718736111111	01
42.0144666666667	143.151283333333	01
43.5222413888889	144.406718888889	01
42.8585686111111	140.703665	01
42.4114361111111	139.882880555556	01
44.0679416666667	144.997497222222	01
42.8559444444444	140.708369444444	01
43.5526591666667	144.196040833333	01
43.49155	141.913133333333	01
44.3636694444444	141.705372222222	01
43.7599027777778	142.391336111111	01
42.6691916666667	141.698458333333	01
41.8103055555556	140.714408333333	01
42.9638972222222	141.173222222222	01
43.0519388888889	141.354988888889	01
44.0672888888889	144.997858333333	01
43.1871777777778	140.984819444444	01
43.8320966	144.621296	01
43.1818638888889	141.012438888889	01
41.8014555555556	140.731372222222	01
43.0346638888889	141.963794444444	01
43.6482444444444	145.141608333333	01
43.3626083333333	143.195083333333	01
44.1708555555556	142.394011111111	01
42.4520722222222	141.208122222222	01
42.6108694444444	140.781311111111	01
43.5652738888889	142.471666666667	01
42.46505	142.445730555556	01
43.2988758333333	140.601705	01
42.4730305555556	140.867033333333	01
41.7697944444444	140.750130555556	01
44.1838861111111	143.597886111111	01
42.8425361111111	140.718786111111	01
42.7780363888889	140.635661666667	01
43.199325	141.766377777778	01
43.9804055555556	144.224133333333	01
42.6533027777778	143.147697222222	01
41.7716638888889	140.790005555556	01
43.6123944444444	142.529205555556	01
43.4632722222222	142.025608333333	01
43.2578972222222	141.701541666667	01
41.7624277777778	140.727297222222	01
43.7759722222222	142.446552777778	01
43.3387916666667	142.365997222222	01
41.7683335834937	140.744072447556	01
42.5127557908613	141.119584218366	01
42.8544132072754	140.71084538085	01
43.0311738849845	141.372116815106	01
26.2095083333333	127.691416666667	47
26.2156805555556	127.685177777778	47
24.3305305555556	124.188586111111	47
26.504325	127.859580555556	47
26.3006138888889	127.761438888889	47
26.393875	128.003872222222	47
24.3636305555556	124.114483333333	47
26.2244916666667	127.70195	47
26.3025694444444	127.797305555556	47
26.6989361111111	127.882480555556	47
26.2156555555556	127.681763888889	47
26.2097944444444	127.677158333333	47
26.2093694444444	127.688430555556	47
24.4955361111111	124.279969444444	47
26.7324277777778	128.161905555556	47
24.4934	124.238719444444	47
26.4180277777778	127.742013888889	47
26.4317416666667	127.764405555556	47
26.3262861111111	127.7456	47
26.5223111111111	127.932752777778	47
26.6947361111111	128.018891666667	47
26.2161111111111	127.686525	47
24.4601611111111	122.989983333333	47
26.2212777777778	127.694072222222	47
26.2142333333333	127.682297222222	47
26.46815	127.966227777778	47
26.3284944444444	126.811602777778	47
26.2040166666667	127.682625	47
26.3257611111111	127.797194444444	47
24.3765	123.912486111111	47
26.2290830555556	127.687472222222	47
26.2100777777778	127.682625	47
26.5259388888889	127.933786111111	47
24.8192388888889	125.165138888889	47
26.5049222222222	127.875402777778	47
26.6873472222222	127.989930555556	47
26.6136416666667	127.894458333333	47
26.544425	128.080555555556	47
26.452475	127.813308333333	47
26.2142805555556	127.6963	47
26.273	127.734302777778	47
26.2384138888889	127.680111111111	47
26.3327305555556	127.797775	47
24.4703666666667	124.121066666667	47
26.2077888888889	127.6838	47
26.1680722222222	127.346886111111	47
26.2331027777778	127.312255555556	47
26.2166027777778	127.675055555556	47
26.2232916666667	127.687297222222	47
26.2176722222222	127.6834	47
26.2261194444444	127.770375	47
26.3623388888889	127.752336111111	47
26.20675	127.685683333333	47
26.4134111111111	127.739888888889	47
26.3510583333333	127.832877777778	47
26.2099888888889	127.689875	47
26.2133111111111	127.677327777778	47
26.4163583333333	127.821222222222	47
26.3332666666667	127.802747222222	47
26.6586583333333	127.900347222222	47
26.5186083333333	127.924416666667	47
24.4426388888889	124.157	47
26.6777972222222	127.886141666667	47
26.2096472222222	127.67955	47
26.3334194444444	127.807305555556	47
26.6362361111111	127.883777777778	47
26.3511805555556	126.719213888889	47
26.1276555555556	127.655008333333	47
26.6120305555556	127.955880555556	47
26.2138944444444	127.689316666667	47
26.2163333333333	127.693194444444	47
26.4573222222222	127.813763888889	47
26.5986361111111	128.125172222222	47
26.3287166666667	127.800130555556	47
26.1102194444444	127.741333333333	47
26.2198861111111	127.693597222222	47
26.3100777777778	127.7579	47
26.5367888888889	127.937636111111	47
26.3262861111111	127.7456	47
26.2121611111111	127.688883333333	47
26.2208083333333	127.689552777778	47
24.4603305555556	124.125216666667	47
26.2241694444444	127.306363888889	47
26.4944083333333	127.899863888889	47
26.214325	127.695336111111	47
26.2100583333333	127.691494444444	47
24.3365777777778	124.156675	47
26.6006444444444	127.975516666667	47
24.3360166666667	124.157113888889	47
26.1994583333333	127.672752777778	47
26.2219	127.699913888889	47
24.3354547222222	124.153193333333	47
26.3324888888889	127.803972222222	47
26.7017888888889	127.883627777778	47
26.6910388888889	127.881247222222	47
24.3326027777778	124.157883333333	47
26.2110555555556	127.685041666667	47
24.448475	122.94435	47
24.4308666666667	123.775	47
26.3143166666667	127.761405555556	47
26.3342166666667	127.804141666667	47
26.1829055555556	127.350427777778	47
26.9247166666667	127.943777777778	47
26.3101388888889	127.814530555556	47
24.3299027777778	124.159211111111	47
26.1919361111111	127.667577777778	47
26.3805833333333	127.996958333333	47
26.3032611111111	127.763705555556	47
26.6976722222222	127.926047222222	47
24.3433916666667	124.2232	47
26.2119972222222	127.669280555556	47
26.2094166666667	127.674611111111	47
26.2096194444444	127.691877777778	47
26.129625	127.789952777778	47
24.49295	124.238869444444	47
24.3537	124.12095	47
24.4297222222222	124.119858333333	47
26.2280111111111	127.687902777778	47
24.3289666666667	124.162894444444	47
24.3349027777778	124.150644444444	47
24.3647138888889	124.114211111111	47
26.4736333333333	127.841544444444	47
24.3298861111111	124.000430555556	47
26.5182305555556	127.925058333333	47
26.4413416666667	127.806825	47
24.3334527777778	124.154458333333	47
24.3304166666667	124.185772222222	47
24.5040444444444	124.269697222222	47
24.4182444444444	123.778905555556	47
26.5199527777778	127.927594444444	47
26.5181194444444	127.926569444444	47
26.4319	127.764158333333	47
26.6435194444444	127.873391666667	47
24.4420888888889	122.940311111111	47
26.6448222222222	127.875336111111	47
26.5120027777778	128.026377777778	47
26.4470611111111	127.805708333333	47
24.7815138888889	125.291761111111	47
26.1000833333333	127.671097222222	47
26.3846916666667	127.857702777778	47
24.4418777777778	124.155747222222	47
26.4278	127.761219444444	47
26.4304361111111	127.787780555556	47
26.2119861111111	127.682983333333	47
26.5906611111111	127.97	47
26.2119305555556	127.687836111111	47
24.8016472222222	125.280194444444	47
24.8017916666667	125.275741666667	47
24.3321055555556	124.157669444444	47
26.2587916666667	127.720602777778	47
26.2144694444444	127.683116666667	47
26.2145138888889	127.696797222222	47
26.2192055555556	127.685466666667	47
24.3370611111111	124.150997222222	47
26.1558333333333	127.654491666667	47
26.1889138888889	127.661933333333	47
26.2110275	127.678970833333	47
26.2143111111111	127.696205555556	47
26.2170694444444	127.683405555556	47
26.433	127.805030555556	47
26.2116916666667	127.681733333333	47
26.1695361111111	127.831880555556	47
26.2121027777778	127.678861111111	47
26.2102055555556	127.679358333333	47
26.2179111111111	127.683213888889	47
26.1428861111111	127.662636111111	47
26.2079888888889	127.676777777778	47
26.2156138888889	127.681294444444	47
26.2151416666667	127.681455555556	47
26.5952361111111	128.049469444444	47
26.2125166666667	127.697075	47
26.208275	127.684086111111	47
26.2134805555556	127.67275	47
26.3509944444444	127.744033333333	47
24.8228472222222	125.170141666667	47
26.2106194444444	127.685275	47
26.328475	127.800383333333	47
24.8004111111111	125.283066666667	47
26.2537638888889	127.712327777778	47
24.3289083333333	124.159219444444	47
26.2127166666667	127.691633333333	47
26.7137027777778	127.809019444444	47
26.2162638888889	127.677822222222	47
24.3297722222222	124.159288888889	47
26.2194805555556	127.683263888889	47
26.2113666666667	127.679269444444	47
24.3363194444444	124.162405555556	47
26.2159888888889	127.682191666667	47
24.7162611111111	125.326430555556	47
26.6852305555556	127.965627777778	47
26.2189222222222	127.683255555556	47
26.678425	127.884177777778	47
26.2110694444444	127.682005555556	47
26.507125	127.893808333333	47
26.4469305555556	127.804647222222	47
26.5896694444444	127.967130555556	47
26.2189472222222	127.685208333333	47
26.1918972222222	127.678466666667	47
26.2129055555556	127.689405555556	47
26.2158916666667	127.683666666667	47
26.2196666666667	127.687194444444	47
26.5995611111111	127.938186111111	47
26.2103555555556	127.66965	47
26.2066777777778	127.680302777778	47
26.218125	127.685558333333	47
26.5767472222222	127.986927777778	47
26.2146888888889	127.695561111111	47
26.2094722222222	127.683211111111	47
24.8035694444444	125.281583333333	47
26.2106916666667	127.685558333333	47
26.2122583333333	127.689233333333	47
26.5850388888889	127.987633333333	47
24.3371333333333	124.152933333333	47
26.2059638888889	127.679111111111	47
26.2075666666667	127.688416666667	47
26.4112777777778	127.717541666667	47
26.2166277777778	127.712505555556	47
24.3424472222222	124.159986111111	47
26.3167527777778	127.967522222222	47
26.2204027777778	127.698377777778	47
26.7011805555556	127.947519444444	47
26.7066472222222	127.823211111111	47
26.6728416666667	127.887094444444	47
24.7393583333333	125.261463888889	47
26.2215055555556	127.687541666667	47
26.2617277777778	127.727338888889	47
26.4975138888889	127.889025	47
26.4466166666667	127.804705555556	47
26.6926083333333	127.882552777778	47
26.3126222222222	127.959855555556	47
26.51905	127.928397222222	47
26.3254361111111	127.797177777778	47
26.2766472222222	127.740008333333	47
24.3295472222222	123.997919444444	47
24.2530305555556	123.866852777778	47
26.4595083333333	127.818544444444	47
24.3329944444444	124.183263888889	47
24.7132333333333	125.320169444444	47
26.687475	127.994666666667	47
26.3248555555556	126.806511111111	47
26.2163583333333	127.684636111111	47
26.2212916666667	127.699483333333	47
26.4316	127.789472222222	47
26.4250305555556	127.808746944444	47
26.2128472222222	127.689861111111	47
26.2098805555556	127.667594444444	47
26.3245444444444	127.746588888889	47
26.2191916666667	127.684708333333	47
26.2195555555556	127.685286111111	47
26.5222361111111	127.931841666667	47
26.2092555555556	127.678938888889	47
26.5341888888889	127.950661111111	47
26.2104583333333	127.678211111111	47
26.6374416666667	127.867102777778	47
26.2126444444444	127.690158333333	47
26.2051222222222	127.682166666667	47
26.2142194444444	127.702183333333	47
26.2136166666667	127.671430555556	47
26.20875	127.67415	47
26.2070416666667	127.683769444444	47
26.213825	127.676133333333	47
26.2116027777778	127.678152777778	47
26.4313083333333	127.719913888889	47
26.2153305555556	127.708647222222	47
26.2187472222222	127.683716666667	47
26.1359194444444	127.742461111111	47
26.7054472222222	127.881991666667	47
26.4461833333333	127.807275	47
26.2189111111111	127.688822222222	47
24.4921722222222	124.236622222222	47
26.471525	127.991505555556	47
26.1242027777778	127.773216666667	47
26.1362527777778	127.784891666667	47
26.7024277777778	127.960591666667	47
26.3361972222222	127.95875	47
24.8007138888889	125.280213888889	47
26.5241805555556	127.941636111111	47
26.532425	127.947161111111	47
26.5226277777778	127.943308333333	47
24.8028527777778	125.282305555556	47
24.8094472222222	125.282994444444	47
24.7356861111111	125.263061111111	47
26.2096694444444	127.685069444444	47
26.2158833333333	127.685647222222	47
24.3522027777778	124.219463888889	47
26.2088305555556	127.673588888889	47
26.2062833333333	127.678358333333	47
26.1873055555556	127.283947222222	47
26.3504583333333	127.832602777778	47
26.5171305555556	128.022002777778	47
26.4181722222222	127.731397222222	47
26.2090416666667	127.686663888889	47
26.5052527777778	127.8751	47
24.3859416666667	123.748625	47
24.4655638888889	124.125272222222	47
24.3527777777778	124.122994444444	47
26.3308611111111	127.805733333333	47
26.6953972222222	127.903863888889	47
26.7030777777778	127.88255	47
24.7804555555556	125.263527777778	47
26.3074611111111	127.812925	47
26.2182	127.699366666667	47
26.2102361111111	127.67775	47
26.2213722222222	127.695458333333	47
26.2146611111111	127.685680555556	47
26.31125	127.813277777778	47
26.2092388888889	127.677291666667	47
26.2093111111111	127.672836111111	47
26.2102138888889	127.685947222222	47
26.2142472222222	127.690458333333	47
26.2159694444444	127.668838888889	47
24.3330666666667	124.154488888889	47
26.1236583333333	127.668102777778	47
26.445675	127.806111111111	47
26.2135138888889	127.694022222222	47
26.2100083333333	127.688344444444	47
26.6933138888889	128.015816666667	47
26.6725083333333	127.902977777778	47
26.3346805555556	126.825561111111	47
26.2085444444444	127.671644444444	47
24.2552361111111	123.866680555556	47
24.4660916666667	123.002791666667	47
26.2085083333333	127.671683333333	47
26.3293388888889	126.811511111111	47
26.0871833333333	127.711825	47
26.4219472222222	127.826880555556	47
26.3731527777778	127.852908333333	47
26.2100194444444	127.688669444444	47
26.4522583333333	127.811686111111	47
26.5850166666667	127.9873	47
24.4107305555556	124.133886111111	47
26.6424333333333	127.868258333333	47
24.4246027777778	123.7686	47
26.2130333333333	127.670708333333	47
26.2143305555556	127.689125	47
26.2161444444444	127.714088888889	47
26.3519777777778	127.742655555556	47
26.7053888888889	127.821491666667	47
26.6527555555556	127.912155555556	47
26.2136333333333	127.6934	47
26.5182166666667	127.924722222222	47
26.2144277777778	127.68915	47
26.5164916666667	127.923455555556	47
26.4431611111111	127.805741666667	47
26.5153861111111	127.928633333333	47
26.0878305555556	127.710269444444	47
26.1706	127.830294444444	47
26.2502166666667	127.708147222222	47
26.2164055555556	127.680005555556	47
26.2149583333333	127.681161111111	47
26.1612361111111	127.770911111111	47
26.2126944444444	127.685880555556	47
26.7011916666667	127.946408333333	47
26.6540388888889	127.904138888889	47
26.1282055555556	127.671188888889	47
24.3530916666667	124.215827777778	47
24.8240555555556	125.165416666667	47
24.4915861111111	124.239230555556	47
24.7346	125.266547222222	47
24.3670555555556	124.120505555556	47
24.4581	124.1407	47
24.8044861111111	125.192841666667	47
24.4792166666667	124.228811111111	47
24.3362833333333	124.158711111111	47
24.8223388888889	125.151505555556	47
24.4377555555556	122.981313888889	47
24.7580111111111	125.313366666667	47
24.4573611111111	124.144913888889	47
24.4574138888889	124.138427777778	47
24.818325	125.285605555556	47
24.3201222222222	124.088894444444	47
24.8411027777778	125.208875	47
24.7976694444444	125.285672222222	47
24.4442916666667	124.170436111111	47
24.3355138888889	124.157408333333	47
24.4916361111111	124.279633333333	47
24.4796666666667	124.227988888889	47
24.7224333333333	125.345541666667	47
26.223725	127.304108333333	47
24.8015472222222	125.284852777778	47
24.3351638888889	124.156744444444	47
24.32325	123.992858333333	47
25.948225	131.292661111111	47
24.3726361111111	124.122252777778	47
24.3427861111111	124.181183333333	47
24.3340555555556	124.184641666667	47
24.7944194444444	125.271708333333	47
24.4177388888889	123.7789	47
24.7941388888889	125.270108333333	47
24.5346972222222	124.303030555556	47
24.494225	124.241480555556	47
24.3306777777778	124.164680555556	47
24.45535	124.141402777778	47
24.3340694444444	124.156886111111	47
24.4318055555556	123.778905555556	47
24.8017611111111	125.280258333333	47
26.3390861111111	126.754519444444	47
24.8034333333333	125.281472222222	47
24.7975861111111	125.272591666667	47
26.1617583333333	127.351169444444	47
24.3342416666667	124.154241666667	47
24.3352638888889	124.160677777778	47
26.3285027777778	126.809747222222	47
24.3500166666667	124.135566666667	47
24.4806416666667	124.228386111111	47
24.7847527777778	125.282963888889	47
24.5562666666667	124.288866666667	47
24.8009583333333	125.282155555556	47
24.3496083333333	124.145272222222	47
24.4585583333333	124.142805555556	47
24.3299888888889	123.997547222222	47
24.7990805555556	125.273861111111	47
24.487175	124.281883333333	47
24.3351388888889	124.158894444444	47
24.3900138888889	123.755927777778	47
24.8006583333333	125.280186111111	47
24.7918611111111	125.278127777778	47
24.767575	125.297380555556	47
24.7346277777778	125.400041666667	47
26.1883027777778	127.284877777778	47
24.330575	124.163752777778	47
24.3337472222222	124.160105555556	47
24.4585555555556	124.139608333333	47
24.4481861111111	124.198991666667	47
24.4315027777778	123.77815	47
24.4719777777778	124.225413888889	47
24.39905	123.780433333333	47
24.339275	124.154672222222	47
24.3428583333333	124.161247222222	47
24.3404083333333	124.154947222222	47
24.3471055555556	124.1457	47
24.919725	125.244075	47
24.2792861111111	123.881361111111	47
24.3255027777778	124.086722222222	47
24.8034555555556	125.284286111111	47
24.3356333333333	124.151722222222	47
24.4472472222222	124.161497222222	47
24.7404805555556	125.277788888889	47
24.3508694444444	124.243355555556	47
24.4629083333333	123.004236111111	47
24.3320194444444	124.161475	47
24.7803388888889	125.314411111111	47
24.3465638888889	124.232761111111	47
24.3384	124.152711111111	47
24.4486638888889	122.945988888889	47
24.4944888888889	124.242061111111	47
24.7442027777778	125.267372222222	47
24.3862416666667	123.749077777778	47
24.4628777777778	123.006888888889	47
24.7990055555556	125.2739	47
24.7855388888889	125.266477777778	47
24.4656277777778	123.006494444444	47
24.7162611111111	125.326430555556	47
24.7130694444444	125.319972222222	47
26.211125	127.674925	47
24.3597472222222	124.117102777778	47
26.6953972222222	128.021016666667	47
26.5201611111111	127.927794444444	47
24.7648361111111	125.315938888889	47
26.6930888888889	127.975261111111	47
26.2093638888889	127.668613888889	47
24.4031694444444	123.807980555556	47
26.6612944444444	127.987747222222	47
26.6696055555556	127.995388888889	47
26.1682833333333	127.348316666667	47
24.3397722222222	124.156863888889	47
26.2228444444444	127.295705555556	47
26.4346611111111	127.773908333333	47
26.6822638888889	127.912980555556	47
26.6619194444444	128.022144444444	47
26.3876722222222	127.725102777778	47
24.7889944444444	125.279080555556	47
26.3674166666667	127.754280555556	47
24.3276361111111	124.086766666667	47
24.3397805555556	124.152288888889	47
26.4711222222222	127.963869444444	47
26.4290012	127.761576	47
26.2257861111111	127.304761111111	47
24.2306944444444	124.000761111111	47
26.5186055555556	127.92545	47
26.5166861111111	127.925797222222	47
24.7415194444444	125.333813888889	47
26.2093722222222	127.676972222222	47
26.1863	127.280380555556	47
26.674075	127.892741666667	47
26.1674027777778	127.346538888889	47
26.39761	128.0015	47
26.4342388888889	127.770516666667	47
26.215025	127.69585	47
24.4053777777778	123.807144444444	47
26.3010777777778	127.761572222222	47
26.7077416666667	127.810430555556	47
26.6650611111111	128.023211111111	47
26.5169527777778	127.925586111111	47
26.6447	127.818836111111	47
24.3507944444444	124.242638888889	47
26.2249555555556	127.305013888889	47
26.70215	127.882708333333	47
26.4940583333333	127.862247222222	47
24.8022083333333	125.280761111111	47
24.3383138888889	124.166322222222	47
26.1864333333333	127.284066666667	47
26.1972277777778	127.369133333333	47
24.33285	124.161280555556	47
26.5115777777778	127.918452777778	47
26.6824722222222	127.883583333333	47
24.3354361111111	124.160113888889	47
26.5143305555556	127.927702777778	47
24.3353777777778	124.148847222222	47
26.4369861111111	127.848238888889	47
26.2266861111111	127.304577777778	47
24.7992583333333	125.281472222222	47
26.2154277777778	127.673202777778	47
26.4715166666667	127.991647222222	47
24.334825	124.156894444444	47
24.7864166666667	125.290883333333	47
26.1233	127.754488888889	47
24.7440583333333	125.277691666667	47
26.2090916666667	127.678180555556	47
26.1279	127.670816666667	47
24.2689444444444	123.883480555556	47
26.2151083333333	127.696408333333	47
24.3427888888889	124.182083333333	47
24.8223861111111	125.170819444444	47
26.663975	127.899747222222	47
26.3335333333333	127.809355555556	47
26.656875	127.908719444444	47
24.3366166666667	123.983030555556	47
24.3386055555556	124.152838888889	47
26.5173027777778	127.927105555556	47
26.698525	128.024436111111	47
26.2079333333333	127.672877777778	47
26.2114805555556	127.685508333333	47
24.2475638888889	124.002925	47
24.419775	123.779688888889	47
26.5742277777778	127.239077777778	47
26.5825444444444	127.987880555556	47
24.3473611111111	124.144919444444	47
26.3103361111111	127.771263888889	47
26.5191888888889	127.927738888889	47
26.914	127.934644444444	47
24.4547416666667	124.142141666667	47
26.1967972222222	127.691308333333	47
24.3402444444444	124.156041666667	47
24.8020833333333	125.287338888889	47
24.7546472222222	125.387858333333	47
24.4081	123.807269444444	47
24.3324666666667	124.156305555556	47
26.1670055555556	127.348691666667	47
26.3816694444444	127.741272222222	47
24.3163055555556	123.909563888889	47
26.2100194444444	127.688616666667	47
26.5449583333333	128.036383333333	47
26.1869083333333	127.284030555556	47
24.7524694444444	125.284708333333	47
26.3292722222222	127.806397222222	47
24.7434916666667	125.269772222222	47
24.9213277777778	125.242708333333	47
24.7994666666667	125.284691666667	47
24.3223444444444	124.086177777778	47
24.8298166666667	125.279433333333	47
24.3450388888889	123.778705555556	47
24.4569666666667	124.142525	47
24.3516944444444	124.133038888889	47
26.2239333333333	127.296586111111	47
26.2204888888889	127.681558333333	47
24.3304666666667	123.9548	47
26.5160944444444	127.928461111111	47
26.3706944444444	127.9917	47
24.4227111111111	123.794047222222	47
24.4842138888889	124.277238888889	47
24.7240083333333	125.359991666667	47
26.2391	127.682680555556	47
26.4504138888889	127.810091666667	47
26.3904583333333	127.724191666667	47
26.5176785	127.929634	47
26.2128815	127.689342	47
24.83504562	125.1628183	47
24.34505	124.242005555556	47
24.2795416666667	123.882	47
26.5921	127.966241666667	47
26.4980284	127.8881017	47
24.3330861111111	124.148233333333	47
26.4363527777778	127.773608333333	47
26.3306555555556	127.801727777778	47
26.2093972222222	127.678594444444	47
24.7995055555556	125.283763888889	47
24.3773055555556	123.909155555556	47
24.785975	125.266277777778	47
26.6444694444444	127.873858333333	47
26.3260416666667	127.745602777778	47
26.2203583333333	127.681738888889	47
26.6598583333333	127.991288888889	47
24.8004138888889	125.283788888889	47
24.3335277777778	124.156463888889	47
24.3401277777778	124.153819444444	47
26.5350944444444	127.950461111111	47
26.5762388888889	127.235825	47
24.3339611111111	124.158616666667	47
26.4133277777778	127.832344444444	47
26.22375	127.304905555556	47
26.7429472222222	128.181291666667	47
26.2034944444444	127.768383333333	47
26.1676027777778	127.3467	47
26.4177555555556	127.736911111111	47
26.2179527777778	127.685925	47
24.3341388888889	124.151266666667	47
24.3378305555556	124.190338888889	47
26.5116083333333	127.918916666667	47
24.7953361111111	125.294391666667	47
26.6931861111111	127.975202777778	47
26.6920638888889	128.023875	47
24.3507722222222	124.243708333333	47
26.2689194444444	127.730483333333	47
26.1860777777778	127.284266666667	47
26.2226916666667	127.685669444444	47
24.4331361111111	124.250533055556	47
24.71598	125.325522777778	47
26.4174166666667	127.725152777778	47
26.4251916666667	127.755747222222	47
24.4829138888889	124.275247222222	47
24.4240708333333	123.768685833333	47
26.5168972222222	127.925615277778	47
26.5872405555556	127.98267	47
26.210875	127.688236111111	47
26.4836416666667	127.847019444444	47
26.3364511111111	127.957973611111	47
24.4247497222222	123.770468888889	47
24.4446666666667	124.169336111111	47
24.7647755555556	125.380938055556	47
26.6935077777778	128.019669166667	47
26.6819516666667	127.887846388889	47
24.7159941666667	125.322111388889	47
26.6799397222222	127.882135555556	47
24.8122636111111	125.175995833333	47
24.7995194444444	125.279244444444	47
24.4291694444444	123.781344444444	47
26.3171466666667	127.752286111111	47
26.2104222222222	127.6913	47
24.8591527777778	125.292566666667	47
24.3248441666667	124.084628055556	47
26.6405583333333	127.862422222222	47
26.6964361111111	127.898536111111	47
26.3406777777778	126.752969444444	47
24.8003861111111	125.278172222222	47
24.4434825	124.252772777778	47
24.3269183333333	124.086835833333	47
26.6404333333333	127.8651	47
26.4502833333333	127.944383333333	47
26.2259	127.3055	47
24.8303972222222	125.279669444444	47
26.2260444444444	127.304497222222	47
24.4594388888889	124.137986111111	47
26.7014194444444	128.021727777778	47
26.0998444444444	127.670869444444	47
24.4240888888889	123.791644444444	47
26.4524666666667	127.811858333333	47
26.3287444444444	126.810863888889	47
26.6120361111111	128.012188888889	47
26.408875	127.737788888889	47
24.4894361111111	124.281547222222	47
24.268475	123.8835	47
26.5178944444444	127.928755555556	47
26.4174222222222	127.744769444444	47
26.7072055555556	128.016647222222	47
26.2731722222222	127.749163888889	47
26.2239472222222	127.305005555556	47
26.2093638888889	127.668613888889	47
26.4371527777778	127.774830555556	47
26.4460138888889	127.807461111111	47
26.4310194444444	127.787102777778	47
32.5862277777778	131.673313888889	47
26.2252583333333	127.306230555556	47
26.6763916666667	127.976905555556	47
26.1681861111111	127.347644444444	47
24.7829916666667	125.289138888889	47
26.3259527777778	126.808938888889	47
26.6341805555556	127.883861111111	47
26.6617638888889	127.901855555556	47
26.6620166666667	128.026144444444	47
26.650675	127.897166666667	47
26.2077388888889	127.677972222222	47
24.7945694444444	125.318438888889	47
26.2703277777778	127.734086111111	47
24.493325	124.239597222222	47
26.4714111111111	127.99135	47
26.6880027777778	127.883994444444	47
26.4279305555556	127.783966666667	47
26.9253777777778	127.953416666667	47
26.6817666666667	127.879639166667	47
26.6878111111111	127.883977777778	47
26.360625	127.851936111111	47
24.3836755555556	123.748229166667	47
26.403425	127.720630555556	47
26.6317111111111	127.885888888889	47
26.7073888888889	128.016916666667	47
26.7473583333333	128.300813888889	47
24.3447216666667	124.238173333333	47
26.6438472222222	127.819205555556	47
26.6883388888889	127.883747222222	47
26.6959333333333	127.961666666667	47
24.8007444444444	125.277413888889	47
26.3904527777778	127.724455555556	47
24.3396666666667	124.168136111111	47
24.7195361111111	125.323191666667	47
24.3337277777778	124.158577777778	47
24.7417305555556	125.281847222222	47
24.3330361111111	124.160811111111	47
24.427625	123.788161111111	47
26.6794222222222	127.978111111111	47
26.2107916666667	127.687861111111	47
26.5179194444444	127.928708333333	47
24.4839166666667	124.274475	47
24.7995944444444	125.279858333333	47
24.7219638888889	125.364952777778	47
26.21245139	127.6926781	47
24.4438944444444	124.170425	47
26.2099722222222	127.691283333333	47
24.3521777777778	124.133869444444	47
26.6996916666667	127.928191666667	47
26.6550333333333	127.894175	47
24.4420694444444	124.173913888889	47
26.3238722222222	127.750305555556	47
24.7979805555556	125.273436111111	47
26.6777305555556	127.977205555556	47
26.6810361111111	127.881769444444	47
